379
20.633537 5.988538 39.300541
42.750137 16.529825 5.983396
11.923069 31.907557 18.731775
37.779564 29.961843 53.072731
21.198832 26.295210 27.663664
134.014160 22.479872 27.104239
67.098778 34.140411 43.213196
56.177788 5.963813 28.739901
78.119942 41.518517 5.994175
109.915527 15.223153 5.882090
82.970451 31.034111 40.640285
14.687495 44.039852 27.302542
85.424919 15.636989 49.705578
109.983879 15.275167 35.341793
99.159645 37.334553 12.959975
54.685188 5.995022 12.664723
26.535675 15.634636 28.340254
89.139862 44.005566 51.171680
55.841167 35.190468 58.714958
55.324879 44.061153 24.422197
60.743065 38.766487 5.999444
50.431080 27.836515 53.822613
35.079731 12.209081 32.101101
82.443085 19.666237 41.313595
37.714855 15.748547 41.070423
124.619057 43.942436 32.749073
113.754173 43.997833 26.134445
93.693619 44.000553 18.016071
39.386070 5.949617 38.354748
48.021606 33.211224 38.906277
39.562057 5.984228 25.783770
31.219250 27.705946 29.542654
24.914780 44.086056 10.198956
104.006821 31.130495 54.896030
55.194805 5.996827 41.343529
68.883553 44.030293 8.826021
42.489491 5.991484 47.787868
60.051971 25.403912 27.617107
115.787834 29.316353 46.382038
96.949272 6.006443 23.522282
119.875137 6.001089 54.734974
81.710121 5.938791 51.493706
133.557526 44.042553 28.253357
110.280899 35.525303 31.048754
31.375944 5.963366 43.963440
20.729876 5.975981 21.614254
60.182636 44.047070 35.068901
64.231415 8.585459 35.157402
63.034817 22.966600 18.411617
74.840660 28.341795 45.618587
91.032578 11.066978 38.895260
109.510162 35.525860 41.273964
72.260376 32.420738 5.829077
118.463745 34.023067 5.998452
32.792751 22.087410 5.932247
100.795944 16.291374 30.443285
22.930365 5.981452 49.000748
127.842445 36.364136 38.950848
22.163179 7.774047 58.796749
8.542109 33.363186 6.001991
42.505436 21.647491 55.955345
67.538521 35.470917 13.712090
26.529461 33.544502 36.066444
90.469673 20.323509 35.566387
114.470192 20.147667 42.762165
87.037437 6.320461 5.935694
124.514847 24.674622 34.833126
94.639755 14.447489 54.653954
92.081444 31.884993 37.054005
47.945747 15.475832 50.301365
5.971011 17.974327 23.416883
15.492325 19.490105 38.444546
24.431438 41.301304 41.999790
101.586433 34.006283 35.585167
17.774284 12.424604 31.823107
71.183846 21.363653 51.671932
64.716873 12.061372 52.533714
121.439491 23.838167 5.977271
123.911690 29.722105 13.633155
67.186424 44.029377 42.183872
83.085457 32.856522 5.908989
134.088455 32.492973 45.701038
109.374969 5.980697 19.931910
11.793544 33.848541 43.310085
15.378942 44.027802 56.744576
107.003944 14.713188 51.672119
68.173988 15.035368 15.240604
77.761177 18.321741 14.123439
128.815338 29.502043 22.288363
62.371014 44.002865 50.915100
123.198875 44.001122 22.852484
21.560379 31.890638 44.449596
101.340019 32.937988 25.684122
133.812500 22.508429 47.227768
108.198776 23.904701 20.785049
64.794106 5.961731 44.739861
128.191162 16.203384 41.866138
67.750130 44.038055 28.696657
34.442154 13.508313 10.667878
34.322029 43.950382 6.002012
109.194740 34.910988 11.338479
5.967262 41.938213 59.141975
41.462551 26.931122 5.914552
56.123272 36.050568 30.681183
7.055604 8.010670 5.999138
85.675179 5.941519 32.336189
43.651058 5.947185 57.646561
50.523945 19.888008 28.290117
73.608124 17.993849 22.936953
99.996902 28.265301 16.981327
72.981117 12.849109 41.768391
98.192368 23.469009 52.317020
115.239288 27.915207 36.527863
11.205001 9.095636 38.554573
120.694664 44.067959 43.636688
75.018806 29.799332 55.355419
117.122673 6.005484 28.794941
65.620811 20.326010 43.668228
43.536880 37.286301 16.674679
124.918480 9.886719 14.469469
28.280996 27.604267 12.800138
14.074032 21.549194 11.283379
120.019073 34.504162 21.330019
57.541050 43.988899 13.902631
54.648163 13.732075 57.507179
116.465012 17.389044 55.521942
15.897027 42.845467 37.071896
101.688705 29.875851 6.001991
30.266424 37.137329 14.676703
54.566635 13.621343 34.913734
70.854401 38.543644 51.259663
22.871208 35.355892 5.912009
67.747375 44.032898 18.754997
14.732693 34.090748 27.876541
99.524445 15.625686 5.947874
46.933876 11.873969 41.056042
61.787643 25.374868 5.985038
15.802633 42.205162 46.987801
94.092293 18.567926 44.694096
73.887405 36.803108 25.808243
79.003296 10.524847 26.615097
36.553600 20.074160 26.321001
133.422104 5.976228 58.739880
124.558937 14.280234 50.792030
84.446060 43.988518 41.914448
42.628590 22.176992 33.977413
42.335197 42.191292 38.689106
121.510498 5.975914 5.977607
125.999268 14.889460 5.943701
86.845764 5.988375 22.547077
110.088943 34.306843 21.194813
112.015114 5.997235 9.106915
115.714516 23.771233 14.240585
133.992050 6.006813 47.417049
5.920171 24.563667 15.989119
103.333229 9.368347 12.748015
55.151379 13.441022 22.289495
63.054436 5.973208 5.961636
28.403652 22.237623 21.136654
37.613358 14.074229 51.091026
105.876396 44.002762 45.117790
25.398535 44.002380 20.163597
81.330940 14.630874 5.838687
5.898745 26.666178 54.535751
26.612566 32.985825 22.720179
100.650589 31.763245 45.284687
45.292446 34.391064 48.332867
124.741035 39.656204 13.985823
57.795719 18.366510 49.303169
134.005402 5.966383 15.833304
130.296524 6.007912 38.123550
71.632217 14.512272 32.005711
64.419754 31.442532 34.095970
34.990517 33.953869 44.241417
19.885073 26.119137 17.847776
54.435101 38.073769 49.622780
7.066106 34.212234 34.538422
17.054718 29.321529 36.149593
124.886131 19.868727 14.464800
36.709156 44.176174 16.966732
80.510040 44.042767 24.142118
122.349236 43.085758 53.307999
6.000292 24.666794 37.312553
46.229782 11.220319 13.701664
34.882145 39.481041 52.477367
90.497696 32.521683 12.436995
21.641750 25.160789 5.925103
61.687855 5.975999 59.827667
11.995656 10.083205 24.069656
40.793358 24.101473 45.622559
30.873095 34.003349 59.583378
99.097649 39.198429 51.805645
134.031540 6.572384 28.884550
51.311447 44.066082 42.540916
75.652428 5.959684 35.015152
61.343277 15.602883 7.985744
73.425262 5.990185 19.712090
5.969346 19.345253 5.986176
6.139428 16.480059 43.065670
131.500687 43.617794 6.001991
7.198386 39.124760 14.189148
116.936378 30.814182 56.275921
82.094398 36.156715 59.576019
107.180191 5.998011 29.648479
82.873817 33.021198 50.274109
26.031891 44.006882 51.460930
82.674141 34.695389 21.543379
103.859230 42.579372 25.927732
47.062756 6.939972 32.290577
47.480820 28.945103 13.364966
134.068710 34.183102 29.328407
31.797171 5.909039 53.823605
52.036087 6.212253 50.824657
96.996773 5.980391 5.868100
65.532433 5.958470 25.651413
118.149818 37.455776 36.784866
44.047260 25.019924 22.124449
32.567703 13.057978 20.477959
6.149580 44.002560 32.770920
40.833778 34.444363 25.819359
109.693344 14.747326 25.424503
130.030792 43.492573 47.111523
64.163803 5.975591 15.818975
107.502144 24.210979 48.644672
134.085495 14.203906 53.228615
5.928245 44.009590 22.778954
121.241661 10.147351 36.911797
94.284523 40.023800 27.194174
20.440649 35.775593 15.455933
93.359863 31.812634 55.017612
97.704262 25.779783 31.573320
33.828743 25.737787 38.769413
44.196262 44.042484 50.556633
74.547928 12.343200 53.876133
101.201393 44.024700 5.941547
85.649681 44.000694 12.079407
38.113056 5.953167 15.959527
5.983490 36.043056 51.094475
126.520592 34.087685 52.038696
5.910271 29.172026 26.021400
51.921532 34.020409 5.993088
14.978946 27.773575 50.545406
125.640022 5.955718 23.582594
6.085892 42.065670 42.582008
130.012344 30.343243 5.906213
18.245728 17.856352 23.258524
81.569450 5.986747 14.119783
48.516777 29.518440 29.770330
110.584412 44.038963 36.236271
25.497913 17.877384 11.580537
97.928528 6.054634 33.340508
28.042873 29.260199 51.384491
132.522369 44.025990 18.393808
59.461456 27.905922 45.238712
5.924222 44.058178 5.897189
63.040672 18.815687 34.434502
13.841298 5.949416 52.733482
74.824348 6.613207 6.001991
124.245178 33.446259 30.172020
86.778778 24.553333 53.829269
43.048084 37.136868 57.620773
21.941742 22.518505 55.406830
86.574318 44.003216 32.148048
92.262024 39.697422 5.935656
76.308235 39.855640 15.685149
78.037201 30.137802 13.985689
36.170361 29.802088 18.367876
105.647736 44.048428 16.294960
6.008755 16.816427 56.123970
51.406063 44.001339 5.999456
70.069893 24.610090 11.617403
64.247391 15.798451 25.188240
5.967962 7.070769 46.776943
24.728670 22.580231 36.195587
120.770866 23.642942 22.791729
58.249622 31.262512 13.217422
84.568466 17.883444 22.593142
134.065781 44.041668 38.154995
51.425072 35.185802 22.095715
54.717888 24.688772 35.943184
42.001621 6.278661 6.001991
100.645821 44.012444 35.191265
70.614983 29.085745 20.495699
85.912483 24.036819 14.861777
5.999718 13.608628 14.209270
80.683243 18.962484 31.640991
95.953384 44.130268 43.913696
134.016861 22.875029 37.243431
99.428040 5.967351 52.878551
123.590485 5.922237 45.526863
82.959930 5.984520 41.782913
30.615562 44.015999 34.648754
112.268204 5.990355 38.235023
76.715393 42.785202 33.305424
93.803627 21.595644 23.473169
65.345436 29.639269 52.952934
118.786659 12.928945 21.680073
87.577080 27.554173 29.504721
92.687263 5.963903 14.614573
111.322815 26.886168 5.915812
34.113754 44.068836 43.880749
95.321587 20.006079 13.806054
12.219409 22.524027 29.677021
78.273445 24.120348 5.987247
79.172157 44.012955 51.049713
48.702236 5.937519 21.779633
103.037292 14.680920 42.497051
28.188339 5.966703 15.016110
129.922424 14.994298 32.272392
5.974514 15.599261 33.109810
73.487404 22.252068 37.984909
52.016537 12.790247 5.845886
45.343307 43.998951 23.860210
100.999573 15.229075 20.505787
111.186035 36.833061 50.933559
115.593544 11.513761 47.568169
134.044434 43.955070 56.182789
50.581806 23.433376 44.850765
26.581097 9.684912 5.949153
61.107262 36.892586 20.940008
42.797924 38.602997 6.000682
131.868698 6.713231 5.999461
53.708321 25.742788 20.200109
57.381790 36.272419 40.434723
31.906935 21.843649 56.892296
36.117531 35.669235 34.482056
125.388977 28.207937 44.032433
32.817883 33.738419 5.884344
98.281570 5.934286 43.186977
5.887781 7.090424 58.378361
75.900162 38.824310 42.449745
26.781343 14.310229 52.815876
111.216782 14.747418 15.604986
76.397652 30.779909 33.283405
133.858047 21.133783 5.916275
15.886083 43.862778 5.990056
25.301765 5.976653 30.484779
15.262948 44.037067 17.368277
78.956726 26.063610 24.907383
23.505594 39.952435 29.084524
71.071510 16.557671 5.907005
51.022495 23.545513 5.900448
79.553871 19.602404 58.442684
58.142994 23.035913 57.962368
5.957248 5.934444 30.683533
108.407761 5.920240 57.093990
53.595837 18.205246 13.846535
115.331207 41.808311 16.510788
120.747757 43.996483 5.968199
31.512104 20.883640 47.044682
107.595894 25.908123 30.487415
92.164719 31.748217 22.009472
16.128082 12.225223 15.350516
33.141876 40.790573 25.599001
109.967422 24.106302 58.652111
119.501480 17.399565 30.424520
39.465824 21.441475 14.027906
91.475761 35.649529 46.106762
85.891563 11.441905 58.545841
128.606934 15.421956 22.516943
91.415504 13.012948 28.012436
17.728470 14.186795 5.864738
105.036125 21.653316 11.615911
50.041130 44.014244 32.727867
87.231064 14.201349 13.770233
69.769936 24.568138 29.211584
110.955688 44.043442 7.836145
123.185089 23.980619 52.621277
103.589851 24.180681 39.465546
91.815918 25.061665 5.967550
134.018005 25.763500 14.702220
27.421949 13.251993 38.434299
134.020920 15.780684 14.225483
20.288544 35.996273 53.395233
107.477074 5.932378 46.991947
21.715345 19.498938 46.028469
134.019516 35.644451 13.300578
44.078346 14.702998 22.748869
106.708313 44.086933 55.911678
